1,2,0.07272727273
3,2,0.1272727273
4,3,0.03636363636
5,4,0.1090909091
6,5,0.2909090909
7,6,0.3090909091
8,9,0.03636363636
9,10,0.01818181818
10,11,0.03636363636
12,13,0.03636363636
13,14,0.3636363636
14,15,0.2181818182
16,17,0.01818181818
17,18,0.01818181818
18,19,0.03636363636
20,21,0.01818181818
21,22,0.01818181818
22,23,0.09090909091
23,24,0
24,25,0.2363636364
25,26,0.1272727273
27,28,0.01818181818
28,29,0.01818181818
29,30,0.09090909091
30,31,0.03636363636
31,32,0.09090909091
32,33,0.1272727273
34,35,0.07272727273
35,36,0.1272727273
36,37,0.09090909091
37,38,0.2727272727
38,39,0.4
40,41,0.09090909091
41,42,0.2545454545
42,43,0.3272727273
43 ,44,0.7272727273
44,45,0.9090909091
46,47,0.07272727273
48,49,0.1272727273
49,50,0.2545454545
50,51,0.3454545455
51,52,0.7090909091
53,54,0.1090909091
55,54,0.1636363636
56,55,0.2
57,56,0.4181818182
58,57,0.5818181818
59,60,0.1090909091
1,8,0.03636363636
8,16,0
16,20,0.01818181818
20,27,0
27,34,0.01818181818
34,40,0.05454545455
40,46,0.01818181818
46,48,0.05454545455
48,53,0.07272727273
2,9,0.05454545455
9,17,0
17,21,0.03636363636
21,28,0
3,10,0.03636363636
10,18,0.01818181818
18,22,0.03636363636
22,29,0.07272727273
29,35,0.03636363636
35,41,0.1636363636
41,47,0.1454545455
47,49,0.1818181818
49,54,0.2
4,11,0.05454545455
11,12,0.05454545455
12,19,0.01818181818
19,23,0.01818181818
23,30,0.07272727273
30,36,0.05454545455
36,42,0.1636363636
42,50,0.3818181818
50,55,0.2181818182
55,59,0.1454545455
13,5,0.2363636364
24,13,0.1636363636
31,24,0.07272727273
37,31,0.05454545455
43,37,0.3090909091
51,43,0.7090909091
56,51,0.3818181818
60,56,0.3454545455
6,14,0.3636363636
14,25,0.2181818182
25,32,0.1454545455
32,38,0.07272727273
38,44,0.6
44,52,1
57,52,0.2545454545
61,56,0.3454545455
61,57,0.2
7,15,0.2181818182
15,26,0.09090909091
26,33,0.09090909091
33,39,0.07272727273
39,45,0.4
45,58,0.7272727273
58,61,0.1272727273