1,2,0.1016949153
3,2,0.1271186441
4,3,0.08474576271
5,4,0.1186440678
6,5,0.2033898305
7,6,0.1949152542
8,9,0.1016949153
9,10,0.08474576271
10,11,0.1016949153
12,13,0.1016949153
13,14,0.406779661
14,15,0.2711864407
16,17,0.08474576271
17,18,0.08474576271
18,19,0.1016949153
20,21,0.08474576271
21,22,0.08474576271
22,23,0.1525423729
23,24,0.06779661017
24,25,0.2881355932
25,26,0.186440678
27,28,0.08474576271
28,29,0.08474576271
29,30,0.1525423729
30,31,0.1016949153
31,32,0.1525423729
32,33,0.186440678
34,35,0.1355932203
35,36,0.186440678
36,37,0.1525423729
37,38,0.3220338983
38,39,0.4406779661
40,41,0.1355932203
41,42,0.2881355932
42,43,0.3559322034
43 ,44,0.3644067797
44,45,0.4491525424
46,47,0.1355932203
48,49,0.186440678
49,50,0.3050847458
50,51,0.3898305085
51,52,0.7288135593
53,54,0.1694915254
55,54,0.1101694915
56,55,0.1271186441
57,56,0.2288135593
58,57,0.3050847458
59,60,0.1694915254
1,8,0.1016949153
8,16,0.06779661017
16,20,0.08474576271
20,27,0.06779661017
27,34,0.08474576271
34,40,0.1186440678
40,46,0.08474576271
46,48,0.1186440678
48,53,0.1355932203
2,9,0.1186440678
9,17,0.06779661017
17,21,0.1016949153
21,28,0.06779661017
3,10,0.1016949153
10,18,0.08474576271
18,22,0.1016949153
22,29,0.1355932203
29,35,0.1016949153
35,41,0.2203389831
41,47,0.2033898305
47,49,0.2372881356
49,54,0.2542372881
4,11,0.1186440678
11,12,0.1186440678
12,19,0.08474576271
19,23,0.08474576271
23,30,0.1355932203
30,36,0.1186440678
36,42,0.2203389831
42,50,0.4237288136
50,55,0.2711864407
55,59,0.2033898305
13,5,0.1440677966
24,13,0.1101694915
31,24,0.06779661017
37,31,0.0593220339
43,37,0.1779661017
51,43,0.3644067797
56,51,0.2288135593
60,56,0.1949152542
6,14,0.406779661
14,25,0.2711864407
25,32,0.2033898305
32,38,0.1355932203
38,44,0.6271186441
44,52,1
57,52,0.3050847458
61,56,0.2118644068
61,57,0.2542372881
7,15,0.1355932203
15,26,0.07627118644
26,33,0.07627118644
33,39,0.06779661017
39,45,0.2203389831
45,58,0.3898305085
58,61,0.09322033898